function [ cmap ] = load_clut2b_colormap( input_args )
%this sets up a colormap identical to the one used in McGann et al. 2005 in
%Neuron
%   returns a color map

%start with data from Wachowiak lab
cmap = [[0,0,1,13;1,0,2,20;2,0,3,27;3,0,3,33;4,0,3,39;5,0,4,45;6,0,5,51;7,0,6,57;8,0,9,63;9,0,9,69;10,0,10,75;11,0,12,81;12,0,12,87;13,0,13,93;14,0,13,99;15,0,14,105;16,0,15,111;17,0,15,117;18,0,18,123;19,0,21,128.996093800000;20,0,24,134.996093800000;21,0,26,140.996093800000;22,0,29,146.996093800000;23,0,32,152.996093800000;24,0,35,158.996093800000;25,0,38,164.996093800000;26,0,41,170.996093800000;27,0,44,176.996093800000;28,0,47,182.996093800000;29,0,50,188.996093800000;30,0,53,193.996093800000;31,0,55,199.996093800000;32,0,57,205.996093800000;33,0,59,211.996093800000;34,0,61,217.996093800000;35,0,63,223.996093800000;36,0,64,228.996093800000;37,0,65,233.996093800000;38,0,66,238.996093800000;39,0,67,244.996093800000;40,0,68,250.996093800000;41,0,69,254.996093800000;42,0,70,254.996093800000;43,0,71,254.996093800000;44,0,72,254.996093800000;45,0,73,254.996093800000;46,0,74,254.996093800000;47,0,75,254.996093800000;48,0,76,254.996093800000;49,0,77,254.996093800000;50,0,78,254.996093800000;51,0,79,254.996093800000;52,0,80,254.996093800000;53,0,84,254.996093800000;54,0,87,254.996093800000;55,0,91,254.996093800000;56,0,94,254.996093800000;57,0,98,254.996093800000;58,0,101,254.996093800000;59,0,105,254.996093800000;60,0,108,254.996093800000;61,0,112,254.996093800000;62,0,115,254.996093800000;63,0,119,254.996093800000;64,0,122,254.996093800000;65,0,126,254.996093800000;66,0,128.996093800000,254.996093800000;67,0,132.996093800000,254.996093800000;68,0,135.996093800000,254.996093800000;69,0,139.996093800000,254.996093800000;70,0,142.996093800000,254.996093800000;71,0,146.996093800000,246.996093800000;72,0,149.996093800000,239.996093800000;73,0,153.996093800000,231.996093800000;74,0,156.996093800000,223.996093800000;75,0,160.996093800000,215.996093800000;76,0,163.996093800000,208.996093800000;77,0,167.996093800000,200.996093800000;78,0,170.996093800000,192.996093800000;79,0,174.996093800000,184.996093800000;80,0,177.996093800000,177.996093800000;81,0,181.996093800000,169.996093800000;82,0,184.996093800000,161.996093800000;83,0,188.996093800000,154.996093800000;84,0,191.996093800000,146.996093800000;85,0,195.996093800000,138.996093800000;86,0,198.996093800000,130.996093800000;87,0,202.996093800000,124;88,0,205.996093800000,116;89,0,209.996093800000,108;90,0,212.996093800000,100;91,0,216.996093800000,93;92,0,219.996093800000,85;93,0,223.996093800000,77;94,0,226.996093800000,70;95,0,230.996093800000,62;96,7,233.996093800000,54;97,13,237.996093800000,46;98,20,240.996093800000,39;99,26,244.996093800000,31;100,33,247.996093800000,23;101,39,251.996093800000,15;102,46,254.996093800000,8;103,52,254.996093800000,0;104,59,254.996093800000,0;105,65,254.996093800000,0;106,72,254.996093800000,0;107,78,254.996093800000,0;108,85,254.996093800000,0;109,92,254.996093800000,0;110,98,254.996093800000,0;111,105,254.996093800000,0;112,111,254.996093800000,0;113,118,254.996093800000,0;114,124,254.996093800000,0;115,130.996093800000,254.996093800000,0;116,136.996093800000,254.996093800000,0;117,143.996093800000,254.996093800000,0;118,149.996093800000,254.996093800000,0;119,156.996093800000,254.996093800000,0;120,162.996093800000,254.996093800000,0;121,169.996093800000,254.996093800000,0;122,176.996093800000,254.996093800000,0;123,182.996093800000,254.996093800000,0;124,189.996093800000,254.996093800000,0;125,195.996093800000,254.996093800000,0;126,202.996093800000,254.996093800000,0;127,208.996093800000,254.996093800000,0;128,215.996093800000,254.996093800000,0;129,221.996093800000,254.996093800000,0;130,228.996093800000,254.996093800000,0;131,234.996093800000,254.996093800000,0;132,241.996093800000,254.996093800000,0;133,247.996093800000,254.996093800000,0;134,253.996093800000,254.996093800000,0;135,254.996093800000,254.996093800000,0;136,254.996093800000,254.996093800000,0;137,254.996093800000,254.996093800000,0;138,254.996093800000,254.996093800000,0;139,254.996093800000,254.996093800000,0;140,254.996093800000,254.996093800000,0;141,254.996093800000,254.996093800000,0;142,254.996093800000,254.996093800000,0;143,254.996093800000,254.996093800000,0;144,254.996093800000,254.996093800000,0;145,254.996093800000,254.996093800000,0;146,254.996093800000,254.996093800000,0;147,254.996093800000,254.996093800000,0;148,254.996093800000,254.996093800000,0;149,254.996093800000,254.996093800000,0;150,254.996093800000,254.996093800000,0;151,254.996093800000,254.996093800000,0;152,254.996093800000,254.996093800000,0;153,254.996093800000,254.996093800000,0;154,254.996093800000,254.996093800000,0;155,254.996093800000,254.996093800000,0;156,254.996093800000,254.996093800000,0;157,254.996093800000,254.996093800000,0;158,254.996093800000,253.996093800000,0;159,254.996093800000,249.996093800000,0;160,254.996093800000,247.996093800000,0;161,254.996093800000,243.996093800000,0;162,254.996093800000,239.996093800000,0;163,254.996093800000,236.996093800000,0;164,254.996093800000,232.996093800000,0;165,254.996093800000,229.996093800000,0;166,254.996093800000,225.996093800000,0;167,254.996093800000,221.996093800000,0;168,254.996093800000,218.996093800000,0;169,254.996093800000,214.996093800000,0;170,254.996093800000,210.996093800000,0;171,254.996093800000,207.996093800000,0;172,254.996093800000,203.996093800000,0;173,254.996093800000,199.996093800000,0;174,254.996093800000,196.996093800000,0;175,254.996093800000,192.996093800000,0;176,254.996093800000,188.996093800000,0;177,254.996093800000,185.996093800000,0;178,254.996093800000,181.996093800000,0;179,254.996093800000,177.996093800000,0;180,254.996093800000,174.996093800000,0;181,254.996093800000,170.996093800000,0;182,254.996093800000,167.996093800000,0;183,254.996093800000,163.996093800000,0;184,254.996093800000,159.996093800000,0;185,254.996093800000,156.996093800000,0;186,254.996093800000,152.996093800000,0;187,254.996093800000,148.996093800000,0;188,254.996093800000,145.996093800000,0;189,254.996093800000,141.996093800000,0;190,254.996093800000,137.996093800000,0;191,254.996093800000,134.996093800000,0;192,254.996093800000,130.996093800000,0;193,254.996093800000,128,0;194,254.996093800000,124,0;195,254.996093800000,120,0;196,254.996093800000,117,0;197,254.996093800000,113,0;198,254.996093800000,109,0;199,254.996093800000,106,0;200,254.996093800000,102,0;201,254.996093800000,98,0;202,254.996093800000,95,0;203,254.996093800000,91,0;204,254.996093800000,87,0;205,254.996093800000,84,0;206,254.996093800000,80,0;207,254.996093800000,76,0;208,254.996093800000,73,0;209,254.996093800000,69,0;210,254.996093800000,66,0;211,252.996093800000,62,0;212,254.996093800000,58,0;213,254.996093800000,55,0;214,254.996093800000,51,0;215,254.996093800000,47,0;216,254.996093800000,44,0;217,254.996093800000,40,0;218,254.996093800000,36,0;219,254.996093800000,33,0;220,254.996093800000,29,0;221,254.996093800000,26,0;222,254.996093800000,22,0;223,254.996093800000,18,0;224,254.996093800000,15,0;225,254.996093800000,11,0;226,254.996093800000,7,0;227,254.996093800000,4,0;228,254.996093800000,0,0;229,254.996093800000,0,0;230,254.996093800000,0,0;231,254.996093800000,0,0;232,254.996093800000,0,0;233,254.996093800000,0,0;234,254.996093800000,0,0;235,254.996093800000,0,0;236,254.996093800000,0,0;237,254.996093800000,0,0;238,254.996093800000,0,0;239,254.996093800000,0,0;240,254.996093800000,0,0;241,254.996093800000,0,0;242,254.996093800000,0,0;243,254.996093800000,0,0;244,254.996093800000,0,0;245,254.996093800000,0,0;246,254.996093800000,0,0;247,254.996093800000,0,0;248,254.996093800000,0,0;249,254.996093800000,0,0;250,254.996093800000,0,0;251,254.996093800000,0,0;252,254.996093800000,0,0;253,254.996093800000,0,0;254,254.996093800000,0,0;255,254.996093800000,0,0]];

%remove the index value and scale from 0 to 1
cmap = cmap(:,2:4);
cmap = cmap/256;

end

